5300
5150
4950
4850
4750
4600
4500
4350
4150
4000
3800
3600
3400
3200
3100
2950
2800
2650
2550
2400
2300
2250
2200
2100
2050
1950
1900
1800
1700
1600
1500
1400
1350
1200
1150
1000
800
600
400
400
400
400
400
400
400
400
400
400
400
400
400
400
400
400
400
400
400
400
200
200
200
200
200
200
200
200
200
200
200
200
200
200
200
200
200
200
200
200
200
200
200
200
200
200
200
200
200
200
200
200
200
200
200
200
200
200
200
200
200
200
200
200
200
200
200
200
200
200
200
0
0
0
0
0
0
0
0
0
0
0
0
0
0
0
0
0
0
0
0
0
0
0
0
0
0
0
0
0
0
0
0
0
0
0
0
0
0
0
0
0
0
0
0
0
0
0
0
0
0
0
0
0
0
0
0
0
0
0
0
0
0
0
0
0
0
0
0
0
0
0
0
0
0
0
0
0
0
0
0
0
0
0
0
0
0
0
0
0
0
0
0
0
0
0
0
0
0
0
0
0
0
0
0
0
0
0
0
0
